jacobi = 15.964892387390137
gauss_seidel = 0.16965818405151367
sor = 0.13020801544189453